l 1 (
10 10 10 10 10 10 10 10 10 10 10 10
10 01 01 01 01 01 01 01 01 01 01 10
10 01 51 60 60 00 65 65 00 52 01 10
10 01 00 20 21 22 23 24 00 00 01 10
10 01 00 30 31 32 33 34 00 00 01 10
10 01 00 41 42 43 44 45 00 00 01 10
10 01 00 00 11 11 11 00 00 00 01 10
10 01 91 92 93 94 95 96 97 98 01 10
10 01 00 10 00 00 00 00 00 10 01 10
10 01 00 10 10 00 00 00 10 10 01 10
10 01 01 10 10 00 00 10 10 10 01 10
10 10 10 10 10 02 00 10 10 10 10 10
)

l 2 (
10 10 10 10 10 10 10 10 10 10 10 10
10 01 01 01 01 01 01 01 01 01 01 10
10 01 51 00 00 00 00 00 00 52 01 10
10 01 00 00 00 00 00 00 00 00 01 10
10 01 00 00 00 00 00 00 00 00 01 10
10 01 00 00 00 00 00 00 00 00 01 10
10 01 00 00 00 00 00 00 00 00 01 10
10 01 00 00 00 00 00 00 00 00 01 10
10 01 00 10 00 00 00 00 00 10 01 10
10 01 00 10 10 00 00 00 10 10 01 10
10 01 01 10 10 00 00 10 10 10 01 10
10 10 10 10 10 00 00 10 10 10 10 10
)