
l 1 (
51 00 00 91 91 91 00 00 00 00 00 10
10 10 10 10 10 10 10 10 10 10 00 10
41 00 00 20 00 10 42 41 00 10 00 10
00 95 00 10 00 10 44 30 00 10 00 10
10 10 10 10 00 10 45 41 00 10 00 10
30 00 00 10 00 10 10 10 20 10 00 10
00 96 00 10 00 20 92 93 92 10 00 10
10 20 10 10 00 10 10 10 10 10 00 10
00 00 00 10 00 00 00 00 00 00 00 10
00 00 00 10 10 20 10 10 10 30 10 10
41 00 30 10 30 00 00 10 00 92 00 10
41 42 30 10 00 00 00 10 91 43 91 10
)

l 2 (
10 10 10 10 10 10 10 10 10 10 10 10
10 01 01 01 01 01 01 01 01 01 01 10
10 01 51 60 60 00 65 65 00 52 01 10
10 01 00 20 21 22 23 24 00 00 01 10
10 01 00 30 31 32 33 34 00 00 01 10
10 01 00 41 42 43 44 45 00 00 01 10
10 01 00 00 11 11 11 00 00 00 01 10
10 01 91 92 93 94 95 96 97 98 01 10
10 01 00 10 03 04 05 00 00 10 01 10
10 01 00 10 10 00 00 00 10 10 01 10
10 01 01 10 10 00 00 10 10 10 01 10
10 10 10 10 10 02 00 10 10 10 10 10
)

l 3 (
51 00 00 91 91 91 00 00 00 00 00 10
10 10 10 10 10 10 10 10 10 10 00 10
91 92 00 00 00 00 00 00 00 00 00 10
10 01 00 00 00 00 00 00 00 00 00 10
10 01 00 00 00 00 00 00 00 00 00 10
10 01 00 00 00 00 00 00 00 00 00 10
10 01 00 00 00 00 00 00 00 00 00 10
10 01 00 00 00 00 00 00 00 00 00 10
10 01 00 10 00 00 00 00 00 10 00 10
10 01 00 10 10 00 00 00 10 10 00 10
10 01 01 10 10 00 00 10 10 10 00 10
10 10 10 10 10 00 00 10 10 10 10 10
)